16666666
0	0	0
0	0	0
0	0	0
0	0	0
0	0	0
0	0	0
0	0	0
0	0	0
0	0	0
0	0	0
0	0	0
0	0	0
0	0	0
0	0	0
0	0	0
0	0	0
0	0	0
0	0	0
0	0	0
0	0	0
0	0	0
0	0	0
0	0	0
0	0	0
0	0	0
0	0	0
0	0	0
0	0	0
0	0	0
0	0	0
0	0	0
0	0	0
0	0	0
0	0	0
0	0	0
0	0	0
0	0	0
0	0	0
0	0	0
0	0	0
0	0	0
0	0	0
0	0	0
0	0	0
0	0	0
0	0	0
0	0	0
0	0	0
0	0	0
0	0	0
0	0	0
0	0	0
0	0	0
0	0	0
0	0	0
0	0	0
0	0	0
0	0	0
0	0	0
0	0	0
0	0	0
0	347582525331	0
9223372036854775807	347870607915	9223372036854775807
9223372036854775807	347964087386	9223372036854775807
9223372036854775807	600661694202	9223372036854775807
9223372036854775807	600758444786	9223372036854775807
9223372036854775807	600764077274	9223372036854775807
9223372036854775807	1078319612263	9223372036854775807
9223372036854775807	1091136359436	9223372036854775807
9223372036854775807	1091318035394	9223372036854775807
9223372036854775807	1102326264400	9223372036854775807
9223372036854775807	1102679357025	9223372036854775807
9223372036854775807	1146658850296	9223372036854775807
9223372036854775807	1147325082671	9223372036854775807
9223372036854775807	1175417107851	9223372036854775807
9223372036854775807	1175865237226	9223372036854775807
9223372036854775807	1189936478858	9223372036854775807
9223372036854775807	1190099247192	9223372036854775807
9223372036854775807	1193907537527	9223372036854775807
9223372036854775807	1195248547652	9223372036854775807
9223372036854775807	1199526003196	9223372036854775807
9223372036854775807	1199570848446	9223372036854775807
9223372036854775807	1202065698531	9223372036854775807
9223372036854775807	1202145163197	9223372036854775807
9223372036854775807	1202232491822	9223372036854775807
9223372036854775807	1210336178493	9223372036854775807
9223372036854775807	1210420454993	9223372036854775807
9223372036854775807	1212168516744	9223372036854775807
9223372036854775807	1212228920285	9223372036854775807
9223372036854775807	1212315207494	9223372036854775807
9223372036854775807	1212356343494	9223372036854775807
9223372036854775807	1214255012953	9223372036854775807
9223372036854775807	1214379068661	9223372036854775807
9223372036854775807	1214443085995	9223372036854775807
9223372036854775807	1215733492579	9223372036854775807
9223372036854775807	1215809376079	9223372036854775807
9223372036854775807	1215852295995	9223372036854775807
9223372036854775807	1217781901913	9223372036854775807
9223372036854775807	1217852651080	9223372036854775807
9223372036854775807	1217913606705	9223372036854775807
9223372036854775807	1218640893288	9223372036854775807
9223372036854775807	1218741242539	9223372036854775807
9223372036854775807	1218818248747	9223372036854775807
9223372036854775807	1218921066747	9223372036854775807
9223372036854775807	1230673800461	9223372036854775807
9223372036854775807	1230794297044	9223372036854775807
9223372036854775807	1230940419794	9223372036854775807
9223372036854775807	1231039874169	9223372036854775807
9223372036854775807	1243284873009	9223372036854775807
9223372036854775807	1243434589425	9223372036854775807
9223372036854775807	1243641105050	9223372036854775807
9223372036854775807	1243869041551	9223372036854775807
9223372036854775807	1272690759356	9223372036854775807
9223372036854775807	1272813393731	9223372036854775807
9223372036854775807	1273003996814	9223372036854775807
9223372036854775807	1273235430440	9223372036854775807
9223372036854775807	1457824828608	9223372036854775807
9223372036854775807	1458235536066	9223372036854775807
9223372036854775807	1458948571858	9223372036854775807
9223372036854775807	8985773348673	9223372036854775807
9223372036854775807	8986121442423	9223372036854775807
9223372036854775807	8986203621298	9223372036854775807
9223372036854775807	8986447991090	9223372036854775807
9223372036854775807	8986615765673	9223372036854775807
9223372036854775807	9003020768640	9223372036854775807
9223372036854775807	9003831614682	9223372036854775807
9223372036854775807	9004615300349	9223372036854775807

